23 30842.923000
25 7800.058000
26 56538.901000
30 145545.801000
32 109781.180000
34 7354.220000
36 47126.399000
37 48617.905000
39 40860.694000
42 44742.703000
44 1033.814000
47 41234.896000
48 261231.711000
49 82169.620000
53 66455.521000
55 54157.805000
72 3423.775000
24 9707.241000
01 50645.326000
02 570640.950000
04 113594.084000
05 52035.477000
06 155779.220000
08 103641.888000
09 4842.355000
10 1948.543000
11 61.048000
12 53624.759000
13 57513.485000
15 6422.628000
16 82643.117000
17 55518.930000
18 35826.10900
19 55857.130000
20 81758.71700
21 39486.3380
22 43203.905000
27 79626.743000
28 46923.2740
29 68741.522000
31 76824.171000
33 8952.65100
35 121298.148000
38 69000.79800
40 68594.921000
41 95988.01300
45 30060.696000
46 75811.00000
50 9216.65700
51 39490.086000
54 24038.210000
56 97093.141000
