0 -1
1 1.2111542
4 0.55070734
5 1.1784668
6 0.39676741
8 0.60359448
9 12.570312
10 31.014603
12 1.0788565
13 1.0663761
16 0.75097591
17 1.1143595
18 1.7392886
19 1.1143595
20 0.76288795
21 1.5543618
22 1.3306185
23 1.9083166
24 6.0227995
25 7.6641169
26 1.07258
27 0.74390548
28 1.3200328
29 0.90202838
30 0.42720938
31 0.81019592
32 0.56785804
33 6.7041669
34 8.0940552
35 0.51618642
36 1.2798158
37 1.2584614
38 0.89112848
39 1.5167105
40 0.89958322
41 0.64664119
42 1.3850428
44 54.402664
45 2.0173633
46 0.81317383
47 1.4881446
48 0.23697247
49 0.73992473
50 6.5454884
51 1.5492822
53 0.92671388
54 2.592627
55 1.1196229
56 0.64139205
